Total number of control points 3D          270
Total number of control points           90
Force applicate 0.000083333333
Knots direction u
 0.000000 0.125000 0.250000 0.375000 0.500000 0.625000 0.750000 0.875000 1.000000
Knots direction v
 0.000000 1.000000
Knots direction w
 0.000000 1.000000
Control points direction x
   0.000000   6.250000  18.750000  31.250000  43.750000  56.250000  68.750000  81.250000  93.750000 100.000000   0.000000   6.250000  18.750000  31.250000  43.750000  56.250000  68.750000  81.250000  93.750000 100.000000   0.000000   6.250000  18.750000  31.250000  43.750000  56.250000  68.750000  81.250000  93.750000 100.000000   0.000000   6.250000  18.750000  31.250000  43.750000  56.250000  68.750000  81.250000  93.750000 100.000000   0.000000   6.250000  18.750000  31.250000  43.750000  56.250000  68.750000  81.250000  93.750000 100.000000   0.000000   6.250000  18.750000  31.250000  43.750000  56.250000  68.750000  81.250000  93.750000 100.000000   0.000000   6.250000  18.750000  31.250000  43.750000  56.250000  68.750000  81.250000  93.750000 100.000000   0.000000   6.250000  18.750000  31.250000  43.750000  56.250000  68.750000  81.250000  93.750000 100.000000   0.000000   6.250000  18.750000  31.250000  43.750000  56.250000  68.750000  81.250000  93.750000 100.000000
Control points direction y
   0.000000   0.000000   0.000000   0.000000   0.000000   0.000000   0.000000   0.000000   0.000000   0.000000   0.500000   0.500000   0.500000   0.500000   0.500000   0.500000   0.500000   0.500000   0.500000   0.500000   1.000000   1.000000   1.000000   1.000000   1.000000   1.000000   1.000000   1.000000   1.000000   1.000000   0.000000   0.000000   0.000000   0.000000   0.000000   0.000000   0.000000   0.000000   0.000000   0.000000   0.500000   0.500000   0.500000   0.500000   0.500000   0.500000   0.500000   0.500000   0.500000   0.500000   1.000000   1.000000   1.000000   1.000000   1.000000   1.000000   1.000000   1.000000   1.000000   1.000000   0.000000   0.000000   0.000000   0.000000   0.000000   0.000000   0.000000   0.000000   0.000000   0.000000   0.500000   0.500000   0.500000   0.500000   0.500000   0.500000   0.500000   0.500000   0.500000   0.500000   1.000000   1.000000   1.000000   1.000000   1.000000   1.000000   1.000000   1.000000   1.000000   1.000000
Control points direction z
   0.000000   0.000000   0.000000   0.000000   0.000000   0.000000   0.000000   0.000000   0.000000   0.000000   0.000000   0.000000   0.000000   0.000000   0.000000   0.000000   0.000000   0.000000   0.000000   0.000000   0.000000   0.000000   0.000000   0.000000   0.000000   0.000000   0.000000   0.000000   0.000000   0.000000   0.500000   0.500000   0.500000   0.500000   0.500000   0.500000   0.500000   0.500000   0.500000   0.500000   0.500000   0.500000   0.500000   0.500000   0.500000   0.500000   0.500000   0.500000   0.500000   0.500000   0.500000   0.500000   0.500000   0.500000   0.500000   0.500000   0.500000   0.500000   0.500000   0.500000   1.000000   1.000000   1.000000   1.000000   1.000000   1.000000   1.000000   1.000000   1.000000   1.000000   1.000000   1.000000   1.000000   1.000000   1.000000   1.000000   1.000000   1.000000   1.000000   1.000000   1.000000   1.000000   1.000000   1.000000   1.000000   1.000000   1.000000   1.000000   1.000000   1.000000